51.0054
51.0054
51.0054
51.0054
64.2196
72.8375
73.4121
73.9866
74.6888
76.7635
78.8063
78.2956
78.8382
78.8701
78.9339
78.8063
78.8382
78.5828
78.7424

51.0054
51.0054
51.0054
51.0054
51.0054
71.3374
74.0823
74.7846
75.0399
75.4229
79.8276
76.572
79.7319
80.0511
79.4127
79.7957
80.0511
78.4232
80.0192

51.0054
51.0054
51.0054
51.0054
51.0054
62.7194
68.4009
72.6141
74.3696
74.8484
79.9553
75.4868
80.6894
80.5937
79.1254
80.4979
80.6575
77.338
79.6361

51.0054
51.0054
51.0054
51.0054
51.0054
51.0054
65.3687
67.571
71.4012
73.9866
79.9553
75.1037
80.3064
80.1468
77.0188
80.2745
80.4022
75.8059
78.8701

51.0054
51.0054
51.0054
51.0054
51.0054
51.0054
51.0373
61.5704
67.0284
70.1245
79.9872
73.444
80.2745
78.9658
75.8379
80.3064
79.8596
74.8484
76.9231
